0.730 4.996 1.018
0.731 5.028 1.073
0.731 5.059 1.131
0.732 5.091 1.192
0.733 5.123 1.253
0.734 5.155 1.315
0.735 5.187 1.375
0.736 5.219 1.433
0.737 5.252 1.488
0.738 5.284 1.539
0.739 5.316 1.585
0.739 5.348 1.626
0.740 5.381 1.662
0.741 5.413 1.692
0.741 5.445 1.717
0.742 5.477 1.737
0.742 5.510 1.751
0.743 5.542 1.761
0.743 5.574 1.767
0.743 5.606 1.770
0.742 5.638 1.770
0.742 5.670 1.768
0.741 5.702 1.762
0.741 5.733 1.754
0.740 5.765 1.744
0.738 5.797 1.730
0.737 5.828 1.714
0.735 5.860 1.693
0.732 5.892 1.670
0.729 5.924 1.642
0.725 5.956 1.609
0.720 5.989 1.571
0.714 6.022 1.527
0.707 6.055 1.476
0.701 6.089 1.417
0.695 6.122 1.348
0.691 6.155 1.274
0.687 6.187 1.198
0.686 6.218 1.121
0.688 6.248 1.044
0.692 6.277 0.968
0.700 6.305 0.894
0.711 6.330 0.823
0.726 6.354 0.756
0.744 6.377 0.692
0.764 6.398 0.632
0.788 6.418 0.577
0.813 6.436 0.525
0.841 6.453 0.478
0.870 6.469 0.434
0.902 6.483 0.394
0.934 6.496 0.358
0.969 6.508 0.324
1.004 6.518 0.294
1.040 6.528 0.266
1.076 6.536 0.241
1.113 6.544 0.218
1.150 6.550 0.197
1.187 6.556 0.178
1.224 6.560 0.161
1.260 6.564 0.146
1.296 6.566 0.133
1.331 6.568 0.121
1.365 6.569 0.110
1.398 6.570 0.100
1.430 6.570 0.092
1.462 6.569 0.086
1.494 6.568 0.080
1.525 6.566 0.076
1.556 6.564 0.073
1.587 6.562 0.071
1.618 6.560 0.068
1.649 6.558 0.063
1.680 6.555 0.054
1.711 6.553 0.043
1.742 6.551 0.029
1.774 6.549 0.011
1.806 6.547 -0.009
1.838 6.546 -0.034
1.870 6.545 -0.062
1.903 6.545 -0.094
1.936 6.546 -0.130
1.970 6.548 -0.170
2.004 6.550 -0.215
2.037 6.551 -0.263
2.070 6.553 -0.316
2.103 6.553 -0.373
2.135 6.552 -0.433
2.166 6.549 -0.496
2.196 6.544 -0.559
2.225 6.536 -0.618
2.252 6.525 -0.674
2.278 6.511 -0.728
2.302 6.495 -0.778
2.325 6.476 -0.827
2.347 6.454 -0.872
2.367 6.430 -0.916
2.385 6.404 -0.958
2.403 6.376 -0.998
2.419 6.347 -1.038
2.433 6.316 -1.076
2.447 6.284 -1.113
2.459 6.250 -1.150
2.471 6.216 -1.186
2.481 6.181 -1.222
2.490 6.146 -1.258
2.497 6.110 -1.294
2.504 6.075 -1.329
2.510 6.039 -1.362
2.515 6.003 -1.393
2.519 5.968 -1.423
2.522 5.934 -1.451
2.524 5.900 -1.478
2.525 5.867 -1.502
2.526 5.834 -1.525
2.526 5.802 -1.546
2.526 5.770 -1.565
2.526 5.739 -1.582
2.525 5.707 -1.598
2.524 5.676 -1.612
2.522 5.645 -1.624
2.521 5.614 -1.634
2.520 5.583 -1.642
2.519 5.551 -1.649
2.519 5.519 -1.655
2.518 5.488 -1.658
2.518 5.456 -1.660
2.518 5.424 -1.660
2.518 5.392 -1.659
2.518 5.360 -1.656
2.518 5.327 -1.652
2.518 5.295 -1.646
2.519 5.263 -1.638
2.519 5.230 -1.629
2.520 5.198 -1.619
2.521 5.166 -1.607
2.521 5.133 -1.593
2.522 5.101 -1.578
2.523 5.069 -1.561
2.523 5.037 -1.543
2.524 5.005 -1.523
2.524 4.973 -1.505
2.524 4.941 -1.491
2.523 4.909 -1.481
2.523 4.877 -1.476
2.521 4.845 -1.475
2.520 4.813 -1.478
2.518 4.782 -1.486
2.515 4.750 -1.499
2.513 4.718 -1.516
2.511 4.686 -1.539
2.510 4.654 -1.567
2.510 4.621 -1.602
2.511 4.588 -1.643
2.512 4.554 -1.691
2.513 4.521 -1.746
2.513 4.488 -1.808
2.513 4.455 -1.879
2.511 4.423 -1.956
2.507 4.392 -2.035
2.501 4.362 -2.112
2.492 4.334 -2.184
2.481 4.307 -2.253
2.466 4.281 -2.317
2.448 4.257 -2.378
2.428 4.235 -2.435
2.406 4.213 -2.488
2.382 4.194 -2.538
2.355 4.175 -2.584
2.327 4.158 -2.628
2.297 4.142 -2.670
2.266 4.128 -2.709
2.233 4.114 -2.746
2.200 4.102 -2.781
2.165 4.091 -2.815
2.130 4.082 -2.848
2.095 4.073 -2.880
2.060 4.065 -2.910
2.024 4.059 -2.938
1.988 4.053 -2.964
1.953 4.049 -2.989
1.919 4.045 -3.011
1.885 4.042 -3.031
1.851 4.040 -3.049
1.818 4.039 -3.066
1.786 4.038 -3.080
1.754 4.038 -3.093
1.722 4.039 -3.103
1.691 4.040 -3.112
1.660 4.041 -3.119
1.628 4.042 -3.124
1.597 4.044 -3.128
1.566 4.045 -3.130
1.535 4.047 -3.130
1.504 4.048 -3.128
1.473 4.049 -3.124
1.441 4.050 -3.119
1.409 4.050 -3.112
1.377 4.050 -3.104
1.344 4.049 -3.093
1.311 4.047 -3.081
1.278 4.045 -3.067
1.244 4.042 -3.051
1.209 4.037 -3.034
1.174 4.032 -3.014
1.139 4.026 -2.993
1.104 4.019 -2.971
1.068 4.011 -2.947
1.033 4.002 -2.921
0.997 3.993 -2.893
0.962 3.983 -2.864
0.926 3.971 -2.834
0.891 3.959 -2.803
0.857 3.946 -2.773
0.823 3.932 -2.742
0.789 3.918 -2.710
0.756 3.903 -2.678
0.723 3.886 -2.646
0.691 3.870 -2.612
0.660 3.852 -2.577
0.630 3.833 -2.540
0.601 3.814 -2.501
0.573 3.794 -2.461
0.546 3.773 -2.417
0.520 3.752 -2.372
0.495 3.730 -2.323
0.472 3.707 -2.270
0.450 3.683 -2.214
0.430 3.659 -2.154
0.411 3.634 -2.090
0.394 3.608 -2.025
0.379 3.582 -1.963
0.365 3.554 -1.904
0.353 3.527 -1.848
0.344 3.498 -1.798
0.336 3.469 -1.751
0.331 3.440 -1.710
0.327 3.409 -1.672
0.326 3.378 -1.640
0.326 3.347 -1.611
0.327 3.315 -1.588
0.330 3.283 -1.568
0.333 3.251 -1.552
0.337 3.218 -1.539
0.341 3.185 -1.531
0.345 3.153 -1.526
0.349 3.120 -1.524
0.351 3.088 -1.525
0.354 3.055 -1.525
0.355 3.023 -1.526
0.356 2.991 -1.527
0.356 2.959 -1.528
0.356 2.927 -1.529
0.355 2.895 -1.531
0.354 2.863 -1.532
0.353 2.831 -1.534
0.352 2.799 -1.536
0.351 2.767 -1.539
0.350 2.735 -1.541
0.350 2.703 -1.544
0.349 2.671 -1.547
0.349 2.639 -1.550
0.349 2.607 -1.554
0.349 2.575 -1.558
0.349 2.543 -1.562
0.349 2.511 -1.566
0.349 2.479 -1.571
0.349 2.447 -1.576
0.350 2.415 -1.581
0.350 2.383 -1.587
0.350 2.351 -1.593
0.350 2.318 -1.600
0.350 2.286 -1.607
0.350 2.254 -1.615
0.350 2.222 -1.624
0.349 2.190 -1.633
0.349 2.158 -1.643
0.348 2.126 -1.653
0.347 2.094 -1.664
0.346 2.062 -1.677
0.344 2.030 -1.690
0.342 1.998 -1.705
0.340 1.966 -1.705
0.340 1.966 -1.705
0.340 1.966 -1.705
0.340 1.966 -1.705
0.340 1.966 -1.705
0.340 1.966 -1.705
0.340 1.966 -1.705
0.340 1.966 -1.705
0.340 1.966 -1.705
0.340 1.966 -1.705
0.340 1.966 -1.705
0.340 1.966 -1.705
0.340 1.966 -1.705
0.340 1.966 -1.705
0.340 1.966 -1.705
0.340 1.966 -1.705
0.340 1.966 -1.705
0.340 1.966 -1.705
0.340 1.966 -1.705
0.340 1.966 -1.705
0.340 1.966 -1.705
0.340 1.966 -1.705
0.340 1.966 -1.705
0.340 1.966 -1.705
0.340 1.966 -1.705
0.340 1.966 -1.705
0.340 1.966 -1.705
0.340 1.966 -1.705
0.340 1.966 -1.705
0.340 1.966 -1.705
0.340 1.966 -1.705
0.340 1.966 -1.705
0.340 1.966 -1.705
0.340 1.966 -1.705
0.340 1.966 -1.705
0.340 1.966 -1.705
0.340 1.966 -1.705
0.340 1.966 -1.705
0.340 1.966 -1.705
0.340 1.966 -1.705
0.340 1.966 -1.705
0.340 1.966 -1.705
0.340 1.966 -1.705
0.340 1.966 -1.705
0.340 1.966 -1.705
